0.21
0.21
0.21
0.21
0.0
0.0
0.0
0.0
0.0
0.0
0.0
0.0
0.0
0.0
0.0
0.0
0.0
0.0
0.0
0.0
0.0
0.0
0.0
0.0
0.0
0.0
0.0
0.0
0.5283333333333333
0.5283333333333333
0.5283333333333333
0.5283333333333333
0.0
0.0
0.0
0.18382457877838726
0.0
0.0
0.0
0.125
0.0
0.0
0.0
0.0
0.0
0.0
0.0
0.0
0.0
0.0
0.0
0.17526890030099332
0.0
0.0
0.0
0.0
0.0
0.0
0.0
0.0
0.0
0.0
0.0
0.0
0.0
0.0
0.0
0.0
0.0
0.0
0.0
0.0
0.0
0.0
0.0
0.0
0.0
0.0
0.0
0.0
0.0
0.0
0.0
0.07523535511616003
0.0
0.0
0.0
0.0
0.0
0.0
0.0
0.38221749825254037
0.0
0.0
0.0
0.6930476190476188
0.0
0.0
0.0
0.03
0.26836580086580075
0.26836580086580075
0.26836580086580075
0.26836580086580075
0.2350948773448773
0.2350948773448773
0.2350948773448773
0.2350948773448773
0.0
0.0
0.0
0.0
0.0
0.0
0.0
0.0
0.0
0.0
0.0
0.3553333333333334
0.0
0.0
0.0
0.0007142857142857143
0.0
0.0
0.0
0.22874472586237293
0.0
0.0
0.0
0.0
0.0
0.0
0.0
0.04159545078079703
0.0
0.0
0.0
0.036538174799479455
0.0
0.0
0.0
0.0
0.0
0.0
0.0
0.0
0.0
0.0
0.0
0.07158792097994884
0.0
0.0
0.0
0.0
0.0
0.0
0.0
0.018534916598171497
0.0
0.0
0.0
0.0
0.0
0.0
0.0
0.0
0.0
0.0
0.0
0.0
0.0
0.0
0.0
0.4972083333333333
0.0
0.0
0.0
0.58
0.0
0.0
0.0
0.0225
0.20527777777777778
0.20527777777777778
0.20527777777777778
0.20527777777777778
0.0
0.0
0.0
0.0
0.0
0.0
0.0
0.0
0.0
0.0
0.0
0.0
0.0
0.0
0.0
0.0
0.0
0.0
0.0
0.3704227394160259
0.0
0.0
0.0
0.0
0.0
0.0
0.0
0.6882910565758782
0.0
0.0
0.0
0.7643333333333334
0.0
0.0
0.0
0.0
0.0
0.0
0.0
0.0
0.02
0.02
0.02
0.02
0.0
0.0
0.0
0.006875
0.0
0.0
0.0
0.027999999999999997
0.0
0.0
0.0
0.0
0.0
0.0
0.0
0.0
0.0
0.0
0.0
0.04159545078079703
0.0
0.0
0.0
0.32199999999999995
0.0
0.18198015873015866
0.0
0.18198015873015866
0.0
0.0
0.0
0.0
0.0
0.0
0.0
0.03
0.0
0.0
0.0
0.0
0.0
0.0
0.0
0.0
0.0
0.0
0.0
0.0
0.0
0.0
0.0
0.0
0.0
0.0
0.0
0.58
0.0
0.0
0.0
0.0
0.0
0.0
0.0
0.0
0.0
0.0
0.0
0.0
0.0
0.0
0.0
0.0
0.0
0.0
0.0
0.03
0.0
0.0
0.0
0.0
0.0
0.04690277777777778
0.0
0.04690277777777778
0.0
0.0
0.0
0.0
0.0
0.0
0.0
0.010209486106356348
0.0
0.0
0.0
0.0
0.0
0.0
0.0
0.0
0.0
0.0
0.0
0.6075
0.0
0.0
0.0
0.58
0.0
0.0
0.0
0.4675
0.0
0.04288583988602159
0.04288583988602159
0.04288583988602159
0.0
0.0
0.0
0.42036119436119435
0.0
0.0
0.0
0.0
0.0
0.0
0.0
0.0
0.0
0.0
0.0
0.58
0.0
0.04
0.0
0.04
0.0
0.0
0.0
0.0
0.0
0.0
0.0
0.0
0.02433071702348684
0.02433071702348684
0.02433071702348684
0.02433071702348684
0.0
0.0
0.0
0.09016666666666666
0.0
0.0
0.0
0.041939334103608256
0.0
0.0
0.0
0.0
0.0
0.0
0.0
0.0
0.0
0.0
0.0
0.0