0.82
0.18
0.82
0.18
1.0
0.0
1.0
0.0
1.0
0.0
1.0
0.0
1.0
0.0
1.0
0.0
1.0
0.0
1.0
0.0
0.99
0.01
0.99
0.01
1.0
0.0
1.0
0.0
1.0
0.0
1.0
0.0
0.4225506715506716
0.5774493284493285
0.4225506715506716
0.5774493284493285
1.0
0.0
1.0
0.0
1.0
0.0
1.0
0.0
1.0
0.0
1.0
0.0
1.0
0.0
1.0
0.0
1.0
0.0
1.0
0.0
1.0
0.0
1.0
0.0
1.0
0.0
1.0
0.0
1.0
0.0
1.0
0.0
1.0
0.0
1.0
0.0
1.0
0.0
1.0
0.0
1.0
0.0
1.0
0.0
0.996
0.004
0.996
0.004
0.97
0.03
0.97
0.03
1.0
0.0
1.0
0.0
1.0
0.0
1.0
0.0
1.0
0.0
1.0
0.0
1.0
0.0
1.0
0.0
0.995
0.005
0.995
0.005
1.0
0.0
1.0
0.0
1.0
0.0
1.0
0.0
1.0
0.0
1.0
0.0
1.0
0.0
1.0
0.0
1.0
0.0
1.0
0.0
1.0
0.0
1.0
0.0
0.985
0.015
0.985
0.015
1.0
0.0
1.0
0.0
1.0
0.0
1.0
0.0
1.0
0.0
1.0
0.0
1.0
0.0
1.0
0.0
0.37262085137085144
0.6273791486291486
0.37262085137085144
0.6273791486291486
1.0
0.0
1.0
0.0
1.0
0.0
1.0
0.0
0.98
0.02
0.98
0.02
0.570388888888889
0.4296111111111111
0.570388888888889
0.4296111111111111
1.0
0.0
1.0
0.0
1.0
0.0
1.0
0.0
0.96
0.04
0.96
0.04
1.0
0.0
1.0
0.0
0.95
0.05
0.95
0.05
1.0
0.0
1.0
0.0
1.0
0.0
1.0
0.0
0.66
0.34
0.66
0.34
0.0
0.0
0.0
1.0
0.7777777777777777
0.2222222222222222
0.7777777777777777
0.2222222222222222
0.3875
0.6125
0.3875
0.6125
0.0
0.0
0.0
0.0
0.27029653679653676
0.7297034632034632
0.27029653679653676
0.7297034632034632
0.13325
0.86675
0.13325
0.86675
0.88
0.12
0.88
0.12
0.0
0.0
0.0
0.0
0.0
0.0
0.0
0.0
0.0
0.0
0.0
0.0
0.0
0.0
0.0
0.0
0.6
0.4
0.6
0.4
0.0
0.0
0.08904389074977306
0.9109561092502267
0.33583333333333326
0.6641666666666666
0.33583333333333326
0.6641666666666666
0.0
0.0
0.0
0.0
0.65
0.35
0.65
0.35
0.1016010101010101
0.8983989898989898
0.1016010101010101
0.8983989898989898
0.0
0.0
0.1919477233130298
0.8080522766869698
0.0
0.0
0.0
0.0
0.2416904386023289
0.7583095613976711
0.0
0.0
0.0
0.0
0.0
0.0
0.0
0.0
0.103141407974329
0.8968585920256708
0.7208481240981237
0.27915187590187573
0.7208481240981237
0.27915187590187573
0.0
0.0
0.20016774891774886
0.799832251082251
0.01
0.99
0.01
0.99
1.0
0.0
1.0
0.0
0.31
0.69
0.31
0.69
0.0
0.0
0.0
0.0
0.0
0.0
0.0
0.0
0.0
0.0
0.22284207626738584
0.7771579237326135
0.4849887955182073
0.5150112044817927
0.4849887955182073
0.5150112044817927
0.134
0.866
0.134
0.866
0.0
0.0
0.45899999999999996
0.541
0.44476190476190475
0.5552380952380953
0.44476190476190475
0.5552380952380953
0.465
0.535
0.465
0.535
0.26276984126984115
0.7372301587301585
0.26276984126984115
0.7372301587301585
0.0
0.0
0.0
0.0
0.5481666666666667
0.4518333333333333
0.5481666666666667
0.4518333333333333
0.0
0.0
0.0
0.0
0.0
0.0
0.0
1.0
0.4220119368935158
0.5779880631064844
0.4220119368935158
0.5779880631064844
0.0
0.0
0.0
1.0
0.0
0.0
0.3326425657675655
0.6673574342324341
0.0
0.0
0.0
0.0
0.0
0.0
0.0
0.0
0.93
0.07
0.93
0.07
0.0
0.0
0.0
0.0
0.0
0.0
0.21293020875444682
0.787069791245553
0.0
0.0
0.555
0.445